     Temps  Consigne  Position  Commande   Courant  Vit. Axe    Moteur
        ms    degrés    degrés     Volts        mA     rad/s     rad/s
         0      -0.7      -1.5       5.7      1600      0.00         1
        10      -0.7      -1.5       5.9      1650      0.00         1
        30      -0.6      -1.4       5.6      1650      0.00         1
        50      -0.6      -1.5       6.6      1800      0.00         1
        66      -0.5      -1.5       7.1      1950      0.00         1
        85      -0.4      -1.5       7.7      2150      0.03         3
       103      -0.3      -1.5       8.4      2350      0.01         4
       119      -0.2      -1.4       8.8      2400      0.10         6
       140      -0.0      -1.4       9.7      2600      0.05        10
       158       0.1      -1.0       8.2      2350      0.15        12
       176       0.3      -1.0       9.4      2550      0.11        14
       193       0.5      -0.7       8.2      2400      0.14        15
       211       0.7      -0.6       9.0      2350      0.17        16
       229       0.9      -0.4       9.2      2350      0.20        17
       246       1.2      -0.1       9.2      2300      0.23        17
       265       1.5       0.3       8.6      2100      0.19        16
       283       1.8       0.7       7.9      2350      0.23        17
       301       2.1       0.7       9.5      2450      0.23        19
       321       2.4       1.1       9.2      2450      0.26        21
       339       2.8       1.4       9.7      2450      0.26        22
       357       3.1       1.8       9.5      2450      0.33        25
       374       3.5       2.0      10.2      2500      0.30        28
       392       3.9       2.6       9.4      2350      0.37        30
       411       4.3       2.9      10.2      2350      0.32        30
       429       4.8       3.4       9.4      2300      0.38        30
       447       5.3       3.7      10.9      2500      0.38        33
       467       5.7       4.3      10.2      2450      0.49        35
       485       6.2       4.7      10.4      2450      0.43        38
       503       6.9       5.6       9.2      2050      0.44        33
       529       7.5       6.1       9.4      2050      0.44        32
       548       8.0       6.6       9.5      2250      0.45        33
       566       8.5       7.1      10.4      2400      0.47        37
       586       9.0       7.6       9.9      2350      0.51        40
       604       9.5       8.2       9.5      2150      0.43        40
       622      10.1       8.8       8.8      2150      0.50        40
       642      10.6       9.1      10.5      2300      0.51        41
       658      11.1       9.7      10.2      2300      0.52        44
       676      11.6      10.3       9.0      2000      0.51        43
       694      12.2      10.9       9.2      1950      0.46        39
       714      12.8      11.4       9.2      1950      0.47        35
       734      13.3      11.8      10.2      2200      0.51        37
       752      13.8      12.3      10.4      2300      0.50        40
       770      14.3      12.9       9.9      2100      0.47        43
       789      14.8      13.5       9.4      2050      0.52        42
       807      15.3      13.9      10.4      2150      0.50        43
       825      15.9      14.5       9.7      2150      0.54        46
       845      16.4      15.1       9.4      1950      0.53        48
       863      17.0      15.7       8.8      1900      0.49        46
       881      17.5      16.3       8.8      1750      0.51        43
       902      18.0      16.8       9.0      1800      0.49        40
       920      18.5      17.3       8.8      1750      0.52        40
       938      19.1      17.8       9.0      1950      0.48        41
       955      19.6      18.3       9.0      1900      0.48        42
       975      20.2      18.8       9.7      2000      0.52        45
       994      20.7      19.3      10.1      2050      0.51        48
      1012      21.2      19.9       9.0      1950      0.53        49
      1030      21.8      20.5       9.0      1850      0.50        48
      1050      22.3      21.1       8.4      1650      0.49        45
      1069      22.8      21.6       8.8      1750      0.50        43
      1088      23.3      22.1       9.0      1750      0.48        42
      1104      23.8      22.5       9.2      1950      0.50        44
      1122      24.4      23.0      10.1      2050      0.51        49
      1143      24.9      23.6       8.8      1950      0.50        51
      1161      25.5      24.2       9.0      1800      0.50        50
      1181      26.0      24.8       9.0      1750      0.54        46
      1200      26.6      25.3       8.8      1700      0.47        46
      1217      27.0      26.0       7.5      1650      0.50        45
      1235      27.6      26.3       9.2      1750      0.49        47
      1253      28.1      26.8       9.2      1900      0.50        50
      1273      28.7      27.4       9.4      1750      0.51        53
      1292      29.2      27.9       8.8      1600      0.51        51
      1310      29.7      28.5       8.6      1650      0.51        50
      1328      30.3      29.0       8.6      1600      0.48        48
      1348      30.8      29.6       8.8      1600      0.50        48
      1368      31.3      30.1       8.8      1700      0.51        49
      1386      31.8      30.6       8.6      1650      0.46        51
      1404      32.4      31.2       8.6      1650      0.52        51
      1423      32.9      31.6       9.5      1700      0.50        53
      1441      33.5      32.2       8.8      1600      0.51        52
      1461      34.0      32.8       8.6      1550      0.50        51
      1479      34.5      33.3       8.2      1450      0.48        50
      1496      35.0      33.8       8.8      1550      0.50        50
      1515      35.6      34.3       9.2      1650      0.49        52
      1533      36.1      34.8       9.2      1550      0.54        54
      1554      36.6      35.4       8.8      1600      0.50        56
      1571      37.1      36.0       7.7      1450      0.51        53
      1589      37.7      36.5       8.6      1500      0.49        51
      1609      38.3      37.0       8.6      1550      0.51        52
      1628      38.8      37.5       8.8      1500      0.49        55
      1646      39.3      38.1       8.4      1550      0.49        56
      1664      39.8      38.5       9.2      1500      0.53        57
      1684      40.3      39.1       8.8      1450      0.51        57
      1702      40.9      39.7       8.2      1400      0.51        54
      1722      41.4      40.3       7.7      1350      0.52        53
      1738      41.9      40.8       8.1      1400      0.48        54
      1756      42.5      41.3       8.1      1400      0.51        55
      1777      43.0      41.8       8.4      1450      0.49        56
      1794      43.5      42.4       8.1      1400      0.48        57
      1812      44.1      42.8       8.8      1500      0.52        58
      1832      44.6      43.3       9.0      1400      0.48        59
      1850      45.1      43.9       8.4      1300      0.51        58
      1869      45.6      44.4       8.8      1250      0.49        56
      1887      46.1      45.0       8.2      1350      0.51        57
      1905      46.6      45.4       8.6      1400      0.56        60
      1923      47.2      46.0       8.6      1250      0.49        60
      1941      47.7      46.7       6.9      1150      0.51        56
      1960      48.3      47.1       8.2      1250      0.47        56
      1979      48.8      47.7       8.4      1300      0.52        58
      2000      49.3      48.1       8.6      1350      0.50        60
      2018      49.8      48.8       7.5      1350      0.47        63
      2035      50.4      49.2       7.9      1250      0.50        62
      2053      50.8      49.6       8.8      1250      0.53        60
      2071      51.4      50.2       8.4      1300      0.48        60
      2088      51.9      50.8       7.2      1150      0.51        60
      2106      52.4      51.2       8.2      1150      0.48        61
      2124      52.9      51.8       8.2      1200      0.53        61
      2143      53.4      52.2       8.6      1250      0.50        61
      2161      54.0      52.9       8.1      1150      0.50        61
      2181      54.5      53.4       7.5      1150      0.52        60
      2199      55.0      53.9       7.9      1150      0.49        61
      2216      55.6      54.5       7.9      1150      0.53        62
      2235      56.1      54.9       8.2      1200      0.48        63
      2253      56.6      55.6       7.5      1100      0.50        64
      2274      57.2      56.0       8.4      1150      0.52        65
      2294      57.7      56.6       7.9      1100      0.52        63
      2310      58.2      57.2       7.5      1000      0.47        61
      2328      58.8      57.7       7.5      1050      0.50        60
      2348      59.3      58.1       8.6      1250      0.50        61
      2366      59.8      58.6       8.1      1150      0.50        63
      2384      60.4      59.2       8.2      1150      0.53        63
      2404      60.9      59.8       7.7      1050      0.48        62
      2422      61.4      60.4       7.2       950      0.49        63
      2441      62.0      60.8       8.6      1200      0.50        64
      2461      62.5      61.3       8.2      1100      0.53        67
      2479      63.0      61.9       7.7      1050      0.51        67
      2497      63.6      62.6       7.2       850      0.49        63
      2517      64.1      63.1       6.8       850      0.51        59
      2533      64.6      63.5       7.7      1000      0.47        60
      2551      65.1      64.0       7.7      1100      0.53        63
      2572      65.7      64.5       8.1      1050      0.51        66
      2589      66.2      65.2       7.4      1050      0.50        64
      2609      66.7      65.7       7.1       950      0.49        61
      2627      67.2      66.2       7.4       950      0.48        60
      2645      67.8      66.7       8.1      1000      0.52        61
      2664      68.3      67.1       8.4      1100      0.50        63
      2682      68.9      67.8       7.7      1050      0.51        66
      2702      69.4      68.3       7.4       850      0.47        65
      2720      69.9      68.9       6.9       850      0.53        63
      2738      70.4      69.3       7.9       900      0.51        64
      2755      70.9      69.9       7.2       850      0.52        64
      2774      71.4      70.5       6.9       850      0.49        66
      2792      72.0      71.0       6.9       900      0.52        67
      2813      72.5      71.5       7.2       850      0.52        66
      2830      73.0      72.1       6.9       750      0.47        64
      2848      73.6      72.6       6.9       750      0.50        61
      2868      74.1      73.0       7.9       850      0.49        62
      2886      74.7      73.5       7.9      1000      0.47        68
      2905      75.2      74.1       7.9       950      0.52        73
      2925      75.7      74.6       8.2       850      0.51        73
      2943      76.2      75.2       7.2       800      0.50        73
      2961      76.8      75.8       7.2       650      0.49        69
      2979      77.3      76.2       7.5       750      0.55        69
      2997      77.8      76.7       7.7       800      0.49        69
      3015      78.4      77.4       6.6       600      0.55        66
      3036      78.9      77.9       6.8       650      0.51        64
      3053      79.5      78.6       6.2       650      0.49        63
      3072      80.0      79.0       6.9       800      0.49        66
      3092      80.5      79.5       7.2       700      0.52        66
      3110      81.0      80.0       7.4       800      0.48        66
      3128      81.6      80.6       6.9       650      0.51        68
      3148      82.1      81.1       7.1       600      0.51        65
      3166      82.5      81.6       6.2       600      0.49        64
      3184      83.1      82.2       6.1       650      0.52        64
      3203      83.5      82.7       6.1       500      0.44        61
      3220      84.0      83.2       5.6       500      0.48        58
      3241      84.4      83.5       6.6       600      0.47        58
      3259      84.8      84.1       5.6       450      0.42        56
      3276      85.3      84.5       5.3       400      0.44        51
      3295      85.6      84.8       5.9       450      0.41        48
      3313      86.0      85.3       5.1       450      0.39        46
      3332      86.3      85.6       4.7       400      0.37        44
      3348      86.6      85.9       5.1       450      0.37        42
      3366      86.9      86.2       5.3       450      0.34        42
      3384      87.2      86.6       4.6       400      0.33        39
      3402      87.5      86.9       4.4       350      0.31        37
      3420      87.8      87.1       4.4       300      0.28        33
      3440      88.0      87.4       4.2       350      0.29        32
      3460      88.2      87.6       4.4       350      0.26        30
      3476      88.4      87.9       3.8       400      0.24        29
      3494      88.6      88.1       3.8       300      0.21        26
      3515      88.7      88.2       3.4       250      0.21        24
      3533      88.9      88.3       3.8       250      0.18        21
      3550      89.0      88.5       3.4       250      0.20        19
      3569      89.1      88.6       3.4       250      0.17        16
      3589      89.2      88.9       2.1       200      0.11        12
      3607      89.2      89.0       1.8       150      0.10         8
      3625      89.3      88.9       2.7       250      0.10         7
      3645      89.3      88.9       2.9       200      0.07         5
      3663      89.3      89.0       2.3       150      0.06         3
      3679      89.3      89.0       2.3       200      0.05         2
      3697      89.3      89.0       2.3       200      0.04         2
      3716      89.3      89.0       2.3       200      0.03         1
      3732      89.3      89.0       2.3       150      0.03         1
      3753      89.3      89.0       2.3       200      0.02         1
      3771      89.3      89.0       2.3       200      0.02         1
      3791      89.3      89.0       2.3       150      0.01         2
      3809      89.3      89.0       2.3       200      0.01         1
      3828      89.3      89.0       2.3       200      0.01         1
      3845      89.3      89.0       2.3       200      0.01         1
      3866      89.3      89.0       2.3       200      0.01         1
      3884      89.3      89.0       2.3       200      0.00         2
      3902      89.3      89.0       2.3       150      0.00         1
      3920      89.3      89.0       2.3       200      0.02         1
      3938      89.3      89.0       2.3       200     -0.01         1
      3959      89.3      89.1       1.6       200     -0.00         1
      3976      89.3      89.0       2.3       200     -0.10         1
      3997      89.3      89.0       2.3       150      0.00         1
