Position relative de BB3_Dévidoir_allégé<1> / BB3_Porte<1>
a1(rad)
Temps(s)   a1(rad)     
0.000000 0.000000
0.002000 0.000004
0.004000 0.000017
0.006000 0.000039
0.008000 0.000069
0.010000 0.000107
0.012000 0.000155
0.014000 0.000210
0.016000 0.000275
0.018000 0.000348
0.020000 0.000430
0.022000 0.000520
0.024000 0.000619
0.026000 0.000726
0.028000 0.000842
0.030000 0.000967
0.032000 0.001100
0.034000 0.001242
0.036000 0.001393
0.038000 0.001552
0.040000 0.001720
0.042000 0.001896
0.044000 0.002082
0.046000 0.002275
0.048000 0.002478
0.050000 0.002689
0.052000 0.002909
0.054000 0.003138
0.056000 0.003375
0.058000 0.003621
0.060000 0.003876
0.062000 0.004139
0.064000 0.004412
0.066000 0.004693
0.068000 0.004982
0.070000 0.005281
0.072000 0.005588
0.074000 0.005904
0.076000 0.006229
0.078000 0.006563
0.080000 0.006906
0.082000 0.007257
0.084000 0.007617
0.086000 0.007987
0.088000 0.008365
0.090000 0.008752
0.092000 0.009148
0.094000 0.009552
0.096000 0.009966
0.098000 0.010389
0.100000 0.010821
0.102000 0.011262
0.104000 0.011711
0.106000 0.012170
0.108000 0.012638
0.110000 0.013115
0.112000 0.013601
0.114000 0.014096
0.116000 0.014600
0.118000 0.015114
0.120000 0.015636
0.122000 0.016168
0.124000 0.016709
0.126000 0.017259
0.128000 0.017819
0.130000 0.018387
0.132000 0.018965
0.134000 0.019552
0.136000 0.020149
0.138000 0.020755
0.140000 0.021370
0.142000 0.021995
0.144000 0.022629
0.146000 0.023273
0.148000 0.023926
0.150000 0.024588
0.152000 0.025260
0.154000 0.025942
0.156000 0.026633
0.158000 0.027334
0.160000 0.028045
0.162000 0.028765
0.164000 0.029494
0.166000 0.030234
0.168000 0.030983
0.170000 0.031742
0.172000 0.032511
0.174000 0.033289
0.176000 0.034078
0.178000 0.034876
0.180000 0.035684
0.182000 0.036503
0.184000 0.037331
0.186000 0.038169
0.188000 0.039017
0.190000 0.039875
0.192000 0.040744
0.194000 0.041622
0.196000 0.042511
0.198000 0.043410
0.200000 0.044319
0.202000 0.045238
0.204000 0.046168
0.206000 0.047108
0.208000 0.048058
0.210000 0.049019
0.212000 0.049990
0.214000 0.050972
0.216000 0.051964
0.218000 0.052967
0.220000 0.053980
0.222000 0.055004
0.224000 0.056038
0.226000 0.057084
0.228000 0.058140
0.230000 0.059207
0.232000 0.060285
0.234000 0.061373
0.236000 0.062473
0.238000 0.063583
0.240000 0.064704
0.242000 0.065837
0.244000 0.066980
0.246000 0.068135
0.248000 0.069301
0.250000 0.070478
0.252000 0.071666
0.254000 0.072866
0.256000 0.074077
0.258000 0.075299
0.260000 0.076533
0.262000 0.077778
0.264000 0.079034
0.266000 0.080303
0.268000 0.081582
0.270000 0.082874
0.272000 0.084177
0.274000 0.085492
0.276000 0.086819
0.278000 0.088158
0.280000 0.089508
0.282000 0.090871
0.284000 0.092245
0.286000 0.093632
0.288000 0.095031
0.290000 0.096442
0.292000 0.097865
0.294000 0.099300
0.296000 0.100748
0.298000 0.102208
0.300000 0.103680
0.302000 0.105165
0.304000 0.106663
0.306000 0.108173
0.308000 0.109695
0.310000 0.111231
0.312000 0.112779
0.314000 0.114340
0.316000 0.115914
0.318000 0.117501
0.320000 0.119101
0.322000 0.120714
0.324000 0.122340
0.326000 0.123979
0.328000 0.125631
0.330000 0.127297
0.332000 0.128976
0.334000 0.130668
0.336000 0.132374
0.338000 0.134094
0.340000 0.135827
0.342000 0.137573
0.344000 0.139334
0.346000 0.141108
0.348000 0.142896
0.350000 0.144698
0.352000 0.146514
0.354000 0.148344
0.356000 0.150188
0.358000 0.152047
0.360000 0.153919
0.362000 0.155806
0.364000 0.157708
0.366000 0.159624
0.368000 0.161554
0.370000 0.163499
0.372000 0.165458
0.374000 0.167433
0.376000 0.169422
0.378000 0.171426
0.380000 0.173445
0.382000 0.175479
0.384000 0.177528
0.386000 0.179592
0.388000 0.181672
0.390000 0.183767
0.392000 0.185877
0.394000 0.188003
0.396000 0.190144
0.398000 0.192301
0.400000 0.194474
0.402000 0.196662
0.404000 0.198867
0.406000 0.201087
0.408000 0.203323
0.410000 0.205575
0.412000 0.207844
0.414000 0.210129
0.416000 0.212430
0.418000 0.214747
0.420000 0.217082
0.422000 0.219432
0.424000 0.221799
0.426000 0.224184
0.428000 0.226584
0.430000 0.229002
0.432000 0.231437
0.434000 0.233889
0.436000 0.236358
0.438000 0.238845
0.440000 0.241348
0.442000 0.243869
0.444000 0.246408
0.446000 0.248964
0.448000 0.251538
0.450000 0.254130
0.452000 0.256740
0.454000 0.259368
0.456000 0.262013
0.458000 0.264677
0.460000 0.267359
0.462000 0.270060
0.464000 0.272779
0.466000 0.275516
0.468000 0.278272
0.470000 0.281047
0.472000 0.283840
0.474000 0.286653
0.476000 0.289484
0.478000 0.292335
0.480000 0.295205
0.482000 0.298094
0.484000 0.301002
0.486000 0.303930
0.488000 0.306878
0.490000 0.309845
0.492000 0.312832
0.494000 0.315839
0.496000 0.318866
0.498000 0.321913
0.500000 0.324980
0.502000 0.328068
0.504000 0.331175
0.506000 0.334304
0.508000 0.337453
0.510000 0.340622
0.512000 0.343813
0.514000 0.347024
0.516000 0.350257
0.518000 0.353510
0.520000 0.356785
0.522000 0.360081
0.524000 0.363399
0.526000 0.366738
0.528000 0.370099
0.530000 0.373482
0.532000 0.376886
0.534000 0.380313
0.536000 0.383761
0.538000 0.387232
0.540000 0.390725
0.542000 0.394241
0.544000 0.397779
0.546000 0.401340
0.548000 0.404923
0.550000 0.408530
0.552000 0.412159
0.554000 0.415812
0.556000 0.419488
0.558000 0.423187
0.560000 0.426910
0.562000 0.430656
0.564000 0.434426
0.566000 0.438219
0.568000 0.442037
0.570000 0.445879
0.572000 0.449745
0.574000 0.453635
0.576000 0.457550
0.578000 0.461489
0.580000 0.465452
0.582000 0.469441
0.584000 0.473454
0.586000 0.477493
0.588000 0.481556
0.590000 0.485645
0.592000 0.489759
0.594000 0.493899
0.596000 0.498064
0.598000 0.502255
0.600000 0.506472
0.602000 0.510715
0.604000 0.514983
0.606000 0.519279
0.608000 0.523600
0.610000 0.527948
0.612000 0.532323
0.614000 0.536724
0.616000 0.541152
0.618000 0.545607
0.620000 0.550089
0.622000 0.554599
0.624000 0.559135
0.626000 0.563700
0.628000 0.568291
0.630000 0.572911
0.632000 0.577558
0.634000 0.582234
0.636000 0.586937
0.638000 0.591669
0.640000 0.596429
0.642000 0.601218
0.644000 0.606035
0.646000 0.610881
0.648000 0.615756
0.650000 0.620660
0.652000 0.625593
0.654000 0.630555
0.656000 0.635546
0.658000 0.640567
0.660000 0.645618
0.662000 0.650699
0.664000 0.655809
0.666000 0.660950
0.668000 0.666120
0.670000 0.671321
0.672000 0.676552
0.674000 0.681814
0.676000 0.687106
0.678000 0.692430
0.680000 0.697784
0.682000 0.703169
0.684000 0.708585
0.686000 0.714033
0.688000 0.719512
0.690000 0.725023
0.692000 0.730565
0.694000 0.736139
0.696000 0.741745
0.698000 0.747383
0.700000 0.753054
0.702000 0.758756
0.704000 0.764491
0.706000 0.770259
0.708000 0.776059
0.710000 0.781892
0.712000 0.787758
0.714000 0.793657
0.716000 0.799589
0.718000 0.805555
0.720000 0.811553
0.722000 0.817586
0.724000 0.823652
0.726000 0.829752
0.728000 0.835885
0.730000 0.842053
0.732000 0.848255
0.734000 0.854491
0.736000 0.860761
0.738000 0.867066
0.740000 0.873406
0.742000 0.879780
0.744000 0.886189
0.746000 0.892632
0.748000 0.899111
0.750000 0.905625
0.752000 0.912175
0.754000 0.918759
0.756000 0.925380
0.758000 0.932035
0.760000 0.938727
0.762000 0.945454
0.764000 0.952217
0.766000 0.959016
0.768000 0.965851
0.770000 0.972723
0.772000 0.979630
0.774000 0.986574
0.776000 0.993555
0.778000 1.000572
0.780000 1.007626
0.782000 1.014717
0.784000 1.021844
0.786000 1.029009
0.788000 1.036210
0.790000 1.043449
0.792000 1.050725
0.794000 1.058038
0.796000 1.065388
0.798000 1.072776
0.799666 1.078960
0.799666 1.078960
0.799666 1.078960
0.800000 1.078340
0.802000 1.074646
0.804000 1.070989
0.806000 1.067370
0.808000 1.063789
0.810000 1.060245
0.812000 1.056738
0.814000 1.053269
0.816000 1.049837
0.818000 1.046443
0.820000 1.043086
0.822000 1.039766
0.824000 1.036483
0.826000 1.033237
0.828000 1.030028
0.830000 1.026857
0.832000 1.023722
0.834000 1.020625
0.836000 1.017564
0.838000 1.014540
0.840000 1.011554
0.842000 1.008604
0.844000 1.005690
0.846000 1.002814
0.848000 0.999974
0.850000 0.997171
0.852000 0.994405
0.854000 0.991675
0.856000 0.988981
0.858000 0.986325
0.860000 0.983704
0.862000 0.981121
0.864000 0.978573
0.866000 0.976062
0.868000 0.973588
0.870000 0.971149
0.872000 0.968747
0.874000 0.966381
0.876000 0.964052
0.878000 0.961758
0.880000 0.959501
0.882000 0.957280
0.884000 0.955094
0.886000 0.952945
0.888000 0.950832
0.890000 0.948755
0.892000 0.946714
0.894000 0.944709
0.896000 0.942739
0.898000 0.940806
0.900000 0.938908
0.902000 0.937046
0.904000 0.935220
0.906000 0.933430
0.908000 0.931675
0.910000 0.929956
0.912000 0.928273
0.914000 0.926625
0.916000 0.925013
0.918000 0.923436
0.920000 0.921895
0.922000 0.920390
0.924000 0.918920
0.926000 0.917485
0.928000 0.916086
0.930000 0.914722
0.932000 0.913394
0.934000 0.912101
0.936000 0.910844
0.938000 0.909622
0.940000 0.908435
0.942000 0.907283
0.944000 0.906167
0.946000 0.905086
0.948000 0.904040
0.950000 0.903030
0.952000 0.902055
0.954000 0.901114
0.956000 0.900210
0.958000 0.899340
0.960000 0.898505
0.962000 0.897706
0.964000 0.896941
0.966000 0.896212
0.968000 0.895518
0.970000 0.894859
0.972000 0.894235
0.974000 0.893646
0.976000 0.893092
0.978000 0.892573
0.980000 0.892090
0.982000 0.891641
0.984000 0.891227
0.986000 0.890848
0.988000 0.890505
0.990000 0.890196
0.992000 0.889922
0.994000 0.889683
0.996000 0.889480
0.998000 0.889311
1.000000 0.889177
1.002000 0.889078
1.004000 0.889014
1.006000 0.888985
1.008000 0.888991
1.010000 0.889033
1.012000 0.889109
1.014000 0.889220
1.016000 0.889366
1.018000 0.889547
1.020000 0.889762
1.022000 0.890013
1.024000 0.890299
1.026000 0.890620
1.028000 0.890976
1.030000 0.891367
1.032000 0.891793
1.034000 0.892254
1.036000 0.892750
1.038000 0.893281
1.040000 0.893847
1.042000 0.894448
1.044000 0.895084
1.046000 0.895756
1.048000 0.896462
1.050000 0.897203
1.052000 0.897980
1.054000 0.898792
1.056000 0.899638
1.058000 0.900520
1.060000 0.901438
1.062000 0.902390
1.064000 0.903378
1.066000 0.904400
1.068000 0.905458
1.070000 0.906552
1.072000 0.907680
1.074000 0.908844
1.076000 0.910043
1.078000 0.911277
1.080000 0.912547
1.082000 0.913852
1.084000 0.915193
1.086000 0.916569
1.088000 0.917980
1.090000 0.919427
1.092000 0.920910
1.094000 0.922427
1.096000 0.923981
1.098000 0.925570
1.100000 0.927194
1.102000 0.928854
1.104000 0.930550
1.106000 0.932282
1.108000 0.934049
1.110000 0.935852
1.112000 0.937690
1.114000 0.939565
1.116000 0.941475
1.118000 0.943421
1.120000 0.945403
1.122000 0.947420
1.124000 0.949474
1.126000 0.951564
1.128000 0.953689
1.130000 0.955851
1.132000 0.958049
1.134000 0.960282
1.136000 0.962552
1.138000 0.964858
1.140000 0.967201
1.142000 0.969579
1.144000 0.971994
1.146000 0.974445
1.148000 0.976932
1.150000 0.979456
1.152000 0.982016
1.154000 0.984612
1.156000 0.987245
1.158000 0.989915
1.160000 0.992621
1.162000 0.995363
1.164000 0.998143
1.166000 1.000958
1.168000 1.003811
1.170000 1.006700
1.172000 1.009626
1.174000 1.012589
1.176000 1.015589
1.178000 1.018625
1.180000 1.021699
1.182000 1.024809
1.184000 1.027957
1.186000 1.031141
1.188000 1.034363
1.190000 1.037621
1.192000 1.040917
1.194000 1.044250
1.196000 1.047620
1.198000 1.051028
1.200000 1.054473
1.202000 1.057955
1.204000 1.061474
1.206000 1.065031
1.208000 1.068626
1.210000 1.072258
1.212000 1.075927
1.213638 1.078960
1.213638 1.078960
1.213638 1.078960
1.214000 1.078623
1.216000 1.076790
1.218000 1.074993
1.220000 1.073235
1.222000 1.071513
1.224000 1.069830
1.226000 1.068184
1.228000 1.066575
1.230000 1.065004
1.232000 1.063470
1.234000 1.061974
1.236000 1.060515
1.238000 1.059094
1.240000 1.057710
1.242000 1.056363
1.244000 1.055054
1.246000 1.053782
1.248000 1.052547
1.250000 1.051350
1.252000 1.050190
1.254000 1.049068
1.256000 1.047982
1.258000 1.046934
1.260000 1.045924
1.262000 1.044950
1.264000 1.044014
1.266000 1.043115
1.268000 1.042253
1.270000 1.041428
1.272000 1.040641
1.274000 1.039890
1.276000 1.039177
1.278000 1.038501
1.280000 1.037863
1.282000 1.037261
1.284000 1.036697
1.286000 1.036169
1.288000 1.035679
1.290000 1.035226
1.292000 1.034810
1.294000 1.034431
1.296000 1.034090
1.298000 1.033785
1.300000 1.033518
1.302000 1.033287
1.304000 1.033094
1.306000 1.032938
1.308000 1.032819
1.310000 1.032737
1.312000 1.032692
1.314000 1.032684
1.316000 1.032714
1.318000 1.032780
1.320000 1.032883
1.322000 1.033024
1.324000 1.033202
1.326000 1.033417
1.328000 1.033668
1.330000 1.033957
1.332000 1.034283
1.334000 1.034647
1.336000 1.035047
1.338000 1.035484
1.340000 1.035959
1.342000 1.036471
1.344000 1.037020
1.346000 1.037606
1.348000 1.038229
1.350000 1.038889
1.352000 1.039586
1.354000 1.040321
1.356000 1.041093
1.358000 1.041902
1.360000 1.042748
1.362000 1.043632
1.364000 1.044552
1.366000 1.045510
1.368000 1.046505
1.370000 1.047538
1.372000 1.048607
1.374000 1.049714
1.376000 1.050859
1.378000 1.052040
1.380000 1.053259
1.382000 1.054515
1.384000 1.055809
1.386000 1.057140
1.388000 1.058508
1.390000 1.059914
1.392000 1.061357
1.394000 1.062837
1.396000 1.064355
1.398000 1.065911
1.400000 1.067503
1.402000 1.069134
1.404000 1.070802
1.406000 1.072507
1.408000 1.074250
1.410000 1.076031
1.412000 1.077849
1.413202 1.078960
1.413202 1.078960
1.413202 1.078960
1.414000 1.078592
1.416000 1.077696
1.418000 1.076837
1.420000 1.076017
1.422000 1.075234
1.424000 1.074488
1.426000 1.073780
1.428000 1.073109
1.430000 1.072477
1.432000 1.071881
1.434000 1.071323
1.436000 1.070803
1.438000 1.070320
1.440000 1.069875
1.442000 1.069467
1.444000 1.069097
1.446000 1.068764
1.448000 1.068469
1.450000 1.068211
1.452000 1.067991
1.454000 1.067809
1.456000 1.067663
1.458000 1.067556
1.460000 1.067485
1.462000 1.067453
1.464000 1.067457
1.466000 1.067500
1.468000 1.067579
1.470000 1.067697
1.472000 1.067851
1.474000 1.068044
1.476000 1.068273
1.478000 1.068541
1.480000 1.068845
1.482000 1.069188
1.484000 1.069567
1.486000 1.069985
1.488000 1.070439
1.490000 1.070932
1.492000 1.071462
1.494000 1.072029
1.496000 1.072634
1.498000 1.073276
1.500000 1.073956
1.502000 1.074674
1.504000 1.075429
1.506000 1.076222
1.508000 1.077052
1.510000 1.077920
1.512000 1.078826
1.512289 1.078960
1.512289 1.078960
1.512289 1.078960
1.514000 1.078960
1.516000 1.078960
1.518000 1.078960
1.520000 1.078960
1.522000 1.078960
1.524000 1.078960
1.526000 1.078960
1.528000 1.078960
1.530000 1.078960
1.532000 1.078960
1.534000 1.078960
1.536000 1.078960
1.538000 1.078960
1.540000 1.078960
1.542000 1.078960
1.544000 1.078960
1.546000 1.078960
1.548000 1.078960
1.550000 1.078960
1.552000 1.078960
1.554000 1.078960
1.556000 1.078960
1.558000 1.078960
1.560000 1.078960
1.562000 1.078960
1.564000 1.078960
1.566000 1.078960
1.568000 1.078960
1.570000 1.078960
1.572000 1.078960
1.574000 1.078960
1.576000 1.078960
1.578000 1.078960
1.580000 1.078960
1.582000 1.078960
1.584000 1.078960
1.586000 1.078960
1.588000 1.078960
1.590000 1.078960
1.592000 1.078960
1.594000 1.078960
1.596000 1.078960
1.598000 1.078960
1.600000 1.078960
1.602000 1.078960
1.604000 1.078960
1.606000 1.078960
1.608000 1.078960
1.610000 1.078960
1.612000 1.078960
1.614000 1.078960
1.616000 1.078960
1.618000 1.078960
1.620000 1.078960
1.622000 1.078960
1.624000 1.078960
1.626000 1.078960
1.628000 1.078960
1.630000 1.078960
1.632000 1.078960
1.634000 1.078960
1.636000 1.078960
1.638000 1.078960
1.640000 1.078960
1.642000 1.078960
1.644000 1.078960
1.646000 1.078960
1.648000 1.078960
1.650000 1.078960
1.652000 1.078960
1.654000 1.078960
1.656000 1.078960
1.658000 1.078960
1.660000 1.078960
1.662000 1.078960
1.664000 1.078960
1.666000 1.078960
1.668000 1.078960
1.670000 1.078960
1.672000 1.078960
1.674000 1.078960
1.676000 1.078960
1.678000 1.078960
1.680000 1.078960
1.682000 1.078960
1.684000 1.078960
1.686000 1.078960
1.688000 1.078960
1.690000 1.078960
1.692000 1.078960
1.694000 1.078960
1.696000 1.078960
1.698000 1.078960
1.700000 1.078960
1.702000 1.078960
1.704000 1.078960
1.706000 1.078960
1.708000 1.078960
1.710000 1.078960
1.712000 1.078960
1.714000 1.078960
1.716000 1.078960
1.718000 1.078960
1.720000 1.078960
1.722000 1.078960
1.724000 1.078960
1.726000 1.078960
1.728000 1.078960
1.730000 1.078960
1.732000 1.078960
1.734000 1.078960
1.736000 1.078960
1.738000 1.078960
1.740000 1.078960
1.742000 1.078960
1.744000 1.078960
1.746000 1.078960
1.748000 1.078960
1.750000 1.078960
1.752000 1.078960
1.754000 1.078960
1.756000 1.078960
1.758000 1.078960
1.760000 1.078960
1.762000 1.078960
1.764000 1.078960
1.766000 1.078960
1.768000 1.078960
1.770000 1.078960
1.772000 1.078960
1.774000 1.078960
1.776000 1.078960
1.778000 1.078960
1.780000 1.078960
1.782000 1.078960
1.784000 1.078960
1.786000 1.078960
1.788000 1.078960
1.790000 1.078960
1.792000 1.078960
1.794000 1.078960
1.796000 1.078960
1.798000 1.078960
1.800000 1.078960
1.802000 1.078960
1.804000 1.078960
1.806000 1.078960
1.808000 1.078960
1.810000 1.078960
1.812000 1.078960
1.814000 1.078960
1.816000 1.078960
1.818000 1.078960
1.820000 1.078960
1.822000 1.078960
1.824000 1.078960
1.826000 1.078960
1.828000 1.078960
1.830000 1.078960
1.832000 1.078960
1.834000 1.078960
1.836000 1.078960
1.838000 1.078960
1.840000 1.078960
1.842000 1.078960
1.844000 1.078960
1.846000 1.078960
1.848000 1.078960
1.850000 1.078960
1.852000 1.078960
1.854000 1.078960
1.856000 1.078960
1.858000 1.078960
1.860000 1.078960
1.862000 1.078960
1.864000 1.078960
1.866000 1.078960
1.868000 1.078960
1.870000 1.078960
1.872000 1.078960
1.874000 1.078960
1.876000 1.078960
1.878000 1.078960
1.880000 1.078960
1.882000 1.078960
1.884000 1.078960
1.886000 1.078960
1.888000 1.078960
1.890000 1.078960
1.892000 1.078960
1.894000 1.078960
1.896000 1.078960
1.898000 1.078960
1.900000 1.078960
1.902000 1.078960
1.904000 1.078960
1.906000 1.078960
1.908000 1.078960
1.910000 1.078960
1.912000 1.078960
1.914000 1.078960
1.916000 1.078960
1.918000 1.078960
1.920000 1.078960
1.922000 1.078960
1.924000 1.078960
1.926000 1.078960
1.928000 1.078960
1.930000 1.078960
1.932000 1.078960
1.934000 1.078960
1.936000 1.078960
1.938000 1.078960
1.940000 1.078960
1.942000 1.078960
1.944000 1.078960
1.946000 1.078960
1.948000 1.078960
1.950000 1.078960
1.952000 1.078960
1.954000 1.078960
1.956000 1.078960
1.958000 1.078960
1.960000 1.078960
1.962000 1.078960
1.964000 1.078960
1.966000 1.078960
1.968000 1.078960
1.970000 1.078960
1.972000 1.078960
1.974000 1.078960
1.976000 1.078960
1.978000 1.078960
1.980000 1.078960
1.982000 1.078960
1.984000 1.078960
1.986000 1.078960
1.988000 1.078960
1.990000 1.078960
1.992000 1.078960
1.994000 1.078960
1.996000 1.078960
1.998000 1.078960
2.000000 1.078960

Valeur mini ordonnée    = 0.000000
Valeur maxi ordonnée    = 1.078960
