a1(rad)
Temps(s)   a1(rad)     
0.000000 0.000000
0.003920 0.156812
0.007840 0.313623
0.011760 0.470435
0.015680 0.627246
0.019600 0.784058
0.023520 0.940869
0.027440 1.097681
0.031360 1.254492
0.035280 1.411304
0.039200 1.568116
0.043120 1.724927
0.047040 1.881739
0.050960 2.038550
0.054880 2.195362
0.058800 2.352173
0.062720 2.508985
0.066640 2.665796
0.070560 2.822608
0.074480 2.979419
0.078400 3.136231
0.082320 3.293043
0.086240 3.449854
0.090160 3.606666
0.094080 3.763477
0.098000 3.920289
0.101920 4.077100
0.105840 4.233912
0.109760 4.390723
0.113680 4.547535
0.117600 4.704347
0.121520 4.861158
0.125440 5.017970
0.129360 5.174781
0.133280 5.331593
0.137200 5.488404
0.141120 5.645216
0.145040 5.802027
0.148960 5.958839
0.152880 6.115650
0.156800 6.272462
0.160720 6.429274
0.164640 6.586085
0.168560 6.742897
0.172480 6.899708
0.176400 7.056520
0.180320 7.213331
0.184240 7.370143
0.188160 7.526954
0.192080 7.683766
0.196000 7.840578
0.199920 7.997389
0.203840 8.154201
0.207760 8.311012
0.211680 8.467824
0.215600 8.624635
0.219520 8.781447
0.223440 8.938258
0.227360 9.095070
0.231280 9.251881
0.235200 9.408693
0.239120 9.565505
0.243040 9.722316
0.246960 9.879128
0.250880 10.035939
0.254800 10.192751
0.258720 10.349562
0.262640 10.506374
0.266560 10.663185
0.270480 10.819997
0.274400 10.976809
0.278320 11.133620
0.282240 11.290432
0.286160 11.447243
0.290080 11.604055
0.294000 11.760866
0.297920 11.917678
0.301840 12.074489
0.305760 12.231301
0.309680 12.388112
0.313600 12.544924
0.317520 12.701736
0.321440 12.858547
0.325360 13.015359
0.329280 13.172170
0.333200 13.328982
0.337120 13.485793
0.341040 13.642605
0.344960 13.799416
0.348880 13.956228
0.352800 14.113040
0.356720 14.269851
0.360640 14.426663
0.364560 14.583474
0.368480 14.740286
0.372400 14.897097
0.376320 15.053909
0.380240 15.210720
0.384160 15.367532
0.388080 15.524343
0.392000 15.681155
0.395920 15.837967
0.399840 15.994778
0.403760 16.151590
0.407680 16.308401
0.411600 16.465213
0.415520 16.622024
0.419440 16.778836
0.423360 16.935647
0.427280 17.092459
0.431200 17.249271
0.435120 17.406082
0.439040 17.562894
0.442960 17.719705
0.446880 17.876517
0.450800 18.033328
0.454720 18.190140
0.458640 18.346951
0.462560 18.503763
0.466480 18.660574
0.470400 18.817386
0.474320 18.974198
0.478240 19.131009
0.482160 19.287821
0.486080 19.444632
0.490000 19.601444
0.493920 19.758255
0.497840 19.915067
0.501760 20.071878
0.505680 20.228690
0.509600 20.385502
0.513520 20.542313
0.517440 20.699125
0.521360 20.855936
0.525280 21.012748
0.529200 21.169559
0.533120 21.326371
0.537040 21.483182
0.540960 21.639994
0.544880 21.796805
0.548800 21.953617
0.552720 22.110429
0.556640 22.267240
0.560560 22.424052
0.564480 22.580863
0.568400 22.737675
0.572320 22.894486
0.576240 23.051298
0.580160 23.208109
0.584080 23.364921
0.588000 23.521733
0.591920 23.678544
0.595840 23.835356
0.599760 23.992167
0.603680 24.148979
0.607600 24.305790
0.611520 24.462602
0.615440 24.619413
0.619360 24.776225
0.623280 24.933036
0.627200 25.089848
0.631120 25.246660
0.635040 25.403471
0.638960 25.560283
0.642880 25.717094
0.646800 25.873906
0.650720 26.030717
0.654640 26.187529
0.658560 26.344340
0.662480 26.501152
0.666400 26.657964
0.670320 26.814775
0.674240 26.971587
0.678160 27.128398
0.682080 27.285210
0.686000 27.442021
0.689920 27.598833
0.693840 27.755644
0.697760 27.912456
0.701680 28.069267
0.705600 28.226079
0.709520 28.382891
0.713440 28.539702
0.717360 28.696514
0.721280 28.853325
0.725200 29.010137
0.729120 29.166948
0.733040 29.323760
0.736960 29.480571
0.740880 29.637383
0.744800 29.794195
0.748720 29.951006
0.752640 30.107818
0.756560 30.264629
0.760480 30.421441
0.764400 30.578252
0.768320 30.735064
0.772240 30.891875
0.776160 31.048687
0.780080 31.205498
0.784000 31.362310
0.787920 31.519122
0.791840 31.675933
0.795760 31.832745
0.799680 31.989556
0.803600 32.146368
0.807520 32.303179
0.811440 32.459991
0.815360 32.616802
0.819280 32.773614
0.823200 32.930426
0.827120 33.087237
0.831040 33.244049
0.834960 33.400860
0.838880 33.557672
0.842800 33.714483
0.846720 33.871295
0.850640 34.028106
0.854560 34.184918
0.858480 34.341729
0.862400 34.498541
0.866320 34.655353
0.870240 34.812164
0.874160 34.968976
0.878080 35.125787
0.882000 35.282599
0.885920 35.439410
0.889840 35.596222
0.893760 35.753033
0.897680 35.909845
0.901600 36.066657
0.905520 36.223468
0.909440 36.380280
0.913360 36.537091
0.917280 36.693903
0.921200 36.850714
0.925120 37.007526
0.929040 37.164337
0.932960 37.321149
0.936880 37.477960
0.940800 37.634772
0.944720 37.791584
0.948640 37.948395
0.952560 38.105207
0.956480 38.262018
0.960400 38.418830
0.964320 38.575641
0.968240 38.732453
0.972160 38.889264
0.976080 39.046076
0.980000 39.202888
0.983920 39.359699
0.987840 39.516511
0.991760 39.673322
0.995680 39.830134
0.999600 39.986945
1.003520 40.143757
1.007440 40.300568
1.011360 40.457380
1.015280 40.614191
1.019200 40.771003
1.023120 40.927815
1.027040 41.084626
1.030960 41.241438
1.034880 41.398249
1.038800 41.555061
1.042720 41.711872
1.046640 41.868684
1.050560 42.025495
1.054480 42.182307
1.058400 42.339119
1.062320 42.495930
1.066240 42.652742
1.070160 42.809553
1.074080 42.966365
1.078000 43.123176
1.081920 43.279988
1.085840 43.436799
1.089760 43.593611
1.093680 43.750422
1.097600 43.907234
1.101520 44.064046
1.105440 44.220857
1.109360 44.377669
1.113280 44.534480
1.117200 44.691292
1.121120 44.848103
1.125040 45.004915
1.128960 45.161726
1.132880 45.318538
1.136800 45.475350
1.140720 45.632161
1.144640 45.788973
1.148560 45.945784
1.152480 46.102596
1.156400 46.259407
1.160320 46.416219
1.164240 46.573030
1.168160 46.729842
1.172080 46.886653
1.176000 47.043465
1.179920 47.200277
1.183840 47.357088
1.187760 47.513900
1.191680 47.670711
1.195600 47.827523
1.199520 47.984334
1.203440 48.141146
1.207360 48.297957
1.211280 48.454769
1.215200 48.611581
1.219120 48.768392
1.223040 48.925204
1.226960 49.082015
1.230880 49.238827
1.234800 49.395638
1.238720 49.552450
1.242640 49.709261
1.246560 49.866073
1.250480 50.022884
1.254400 50.179696
1.258320 50.336508
1.262240 50.493319
1.266160 50.650131
1.270080 50.806942
1.274000 50.963754
1.277920 51.120565
1.281840 51.277377
1.285760 51.434188
1.289680 51.591000
1.293600 51.747812
1.297520 51.904623
1.301440 52.061435
1.305360 52.218246
1.309280 52.375058
1.313200 52.531869
1.317120 52.688681
1.321040 52.845492
1.324960 53.002304
1.328880 53.159115
1.332800 53.315927
1.336720 53.472739
1.340640 53.629550
1.344560 53.786362
1.348480 53.943173
1.352400 54.099985
1.356320 54.256796
1.360240 54.413608
1.364160 54.570419
1.368080 54.727231
1.372000 54.884043
1.375920 55.040854
1.379840 55.197666
1.383760 55.354477
1.387680 55.511289
1.391600 55.668100
1.395520 55.824912
1.399440 55.981723
1.403360 56.138535
1.407280 56.295346
1.411200 56.452158
1.415120 56.608970
1.419040 56.765781
1.422960 56.922593
1.426880 57.079404
1.430800 57.236216
1.434720 57.393027
1.438640 57.549839
1.442560 57.706650
1.446480 57.863462
1.450400 58.020274
1.454320 58.177085
1.458240 58.333897
1.462160 58.490708
1.466080 58.647520
1.470000 58.804331
1.473920 58.961143
1.477840 59.117954
1.481760 59.274766
1.485680 59.431577
1.489600 59.588389
1.493520 59.745201
1.497440 59.902012
1.501360 60.058824
1.505280 60.215635
1.509200 60.372447
1.513120 60.529258
1.517040 60.686070
1.520960 60.842881
1.524880 60.999693
1.528800 61.156505
1.532720 61.313316
1.536640 61.470128
1.540560 61.626939
1.544480 61.783751
1.548400 61.940562
1.552320 62.097374
1.556240 62.254185
1.560160 62.410997
1.564080 62.567808
1.568000 62.724620
1.571920 62.881432
1.575840 63.038243
1.579760 63.195055
1.583680 63.351866
1.587600 63.508678
1.591520 63.665489
1.595440 63.822301
1.599360 63.979112
1.603280 64.135924
1.607200 64.292736
1.611120 64.449547
1.615040 64.606359
1.618960 64.763170
1.622880 64.919982
1.626800 65.076793
1.630720 65.233605
1.634640 65.390416
1.638560 65.547228
1.642480 65.704039
1.646400 65.860851
1.650320 66.017663
1.654240 66.174474
1.658160 66.331286
1.662080 66.488097
1.666000 66.644909
1.669920 66.801720
1.673840 66.958532
1.677760 67.115343
1.681680 67.272155
1.685600 67.428967
1.689520 67.585778
1.693440 67.742590
1.697360 67.899401
1.701280 68.056213
1.705200 68.213024
1.709120 68.369836
1.713040 68.526647
1.716960 68.683459
1.720880 68.840270
1.724800 68.997082
1.728720 69.153894
1.732640 69.310705
1.736560 69.467517
1.740480 69.624328
1.744400 69.781140
1.748320 69.937951
1.752240 70.094763
1.756160 70.251574
1.760080 70.408386
1.764000 70.565198
1.767920 70.722009
1.771840 70.878821
1.775760 71.035632
1.779680 71.192444
1.783600 71.349255
1.787520 71.506067
1.791440 71.662878
1.795360 71.819690
1.799280 71.976501
1.803200 72.133313
1.807120 72.290125
1.811040 72.446936
1.814960 72.603748
1.818880 72.760559
1.822800 72.917371
1.826720 73.074182
1.830640 73.230994
1.834560 73.387805
1.838480 73.544617
1.842400 73.701429
1.846320 73.858240
1.850240 74.015052
1.854160 74.171863
1.858080 74.328675
1.862000 74.485486
1.865920 74.642298
1.869840 74.799109
1.873760 74.955921
1.877680 75.112733
1.881600 75.269544
1.885520 75.426356
1.889440 75.583167
1.893360 75.739979
1.897280 75.896790
1.901200 76.053602
1.905120 76.210413
1.909040 76.367225
1.912960 76.524036
1.916880 76.680848
1.920800 76.837660
1.924720 76.994471
1.928640 77.151283
1.932560 77.308094
1.936480 77.464906
1.940400 77.621717
1.944320 77.778529
1.948240 77.935340
1.952160 78.092152
1.956080 78.248964
1.960000 78.405775
1.963920 78.562587
1.967840 78.719398
1.971760 78.876210
1.975680 79.033021
1.979600 79.189833
1.983520 79.346644
1.987440 79.503456
1.991360 79.660267
1.995280 79.817079
1.999200 79.973891
2.003120 80.130702
2.007040 80.287514
2.010960 80.444325
2.014880 80.601137
2.018800 80.757948
2.022720 80.914760
2.026640 81.071571
2.030560 81.228383
2.034480 81.385195
2.038400 81.542006
2.042320 81.698818
2.046240 81.855629
2.050160 82.012441
2.054080 82.169252
2.058000 82.326064
2.061920 82.482875
2.065840 82.639687
2.069760 82.796498
2.073680 82.953310
2.077600 83.110122
2.081520 83.266933
2.085440 83.423745
2.089360 83.580556
2.093280 83.737368
2.097200 83.894179
2.101120 84.050991
2.105040 84.207802
2.108960 84.364614
2.112880 84.521426
2.116800 84.678237
2.120720 84.835049
2.124640 84.991860
2.128560 85.148672
2.132480 85.305483
2.136400 85.462295
2.140320 85.619106
2.144240 85.775918
2.148160 85.932729
2.152080 86.089541
2.156000 86.246353
2.159920 86.403164
2.163840 86.559976
2.167760 86.716787
2.171680 86.873599
2.175600 87.030410
2.179520 87.187222
2.183440 87.344033
2.187360 87.500845
2.191280 87.657657
2.195200 87.814468
2.199120 87.971280
2.203040 88.128091
2.206960 88.284903
2.210880 88.441714
2.214800 88.598526
2.218720 88.755337
2.222640 88.912149
2.226560 89.068960
2.230480 89.225772
2.234400 89.382584
2.238320 89.539395
2.242240 89.696207
2.246160 89.853018
2.250080 90.009830
2.254000 90.166641
2.257920 90.323453
2.261840 90.480264
2.265760 90.637076
2.269680 90.793888
2.273600 90.950699
2.277520 91.107511
2.281440 91.264322
2.285360 91.421134
2.289280 91.577945
2.293200 91.734757
2.297120 91.891568
2.301040 92.048380
2.304960 92.205191
2.308880 92.362003
2.312800 92.518815
2.316720 92.675626
2.320640 92.832438
2.324560 92.989249
2.328480 93.146061
2.332400 93.302872
2.336320 93.459684
2.340240 93.616495
2.344160 93.773307
2.348080 93.930119
2.352000 94.086930
2.355920 94.243742
2.359840 94.400553
2.363760 94.557365
2.367680 94.714176
2.371600 94.870988
2.375520 95.027799
2.379440 95.184611
2.383360 95.341422
2.387280 95.498234
2.391200 95.655046
2.395120 95.811857
2.399040 95.968669
2.402960 96.125480
2.406880 96.282292
2.410800 96.439103
2.414720 96.595915
2.418640 96.752726
2.422560 96.909538
2.426480 97.066350
2.430400 97.223161
2.434320 97.379973
2.438240 97.536784
2.442160 97.693596
2.446080 97.850407
2.450000 98.007219
2.453920 98.164030
2.457840 98.320842
2.461760 98.477653
2.465680 98.634465
2.469600 98.791277
2.473520 98.948088
2.477440 99.104900
2.481360 99.261711
2.485280 99.418523
2.489200 99.575334
2.493120 99.732146
2.497040 99.888957
2.500960 100.045769
2.504880 100.202581
2.508800 100.359392
2.512720 100.516204
2.516640 100.673015
2.520560 100.829827
2.524480 100.986638
2.528400 101.143450
2.532320 101.300261
2.536240 101.457073
2.540160 101.613884
2.544080 101.770696
2.548000 101.927508
2.551920 102.084319
2.555840 102.241131
2.559760 102.397942
2.563680 102.554754
2.567600 102.711565
2.571520 102.868377
2.575440 103.025188
2.579360 103.182000
2.583280 103.338812
2.587200 103.495623
2.591120 103.652435
2.595040 103.809246
2.598960 103.966058
2.602880 104.122869
2.606800 104.279681
2.610720 104.436492
2.614640 104.593304
2.618560 104.750115
2.622480 104.906927
2.626400 105.063739
2.630320 105.220550
2.634240 105.377362
2.638160 105.534173
2.642080 105.690985
2.646000 105.847796
2.649920 106.004608
2.653840 106.161419
2.657760 106.318231
2.661680 106.475043
2.665600 106.631854
2.669520 106.788666
2.673440 106.945477
2.677360 107.102289
2.681280 107.259100
2.685200 107.415912
2.689120 107.572723
2.693040 107.729535
2.696960 107.886346
2.700880 108.043158
2.704800 108.199970
2.708720 108.356781
2.712640 108.513593
2.716560 108.670404
2.720480 108.827216
2.724400 108.984027
2.728320 109.140839
2.732240 109.297650
2.736160 109.454462
2.740080 109.611274
2.744000 109.768085
2.747920 109.924897
2.751840 110.081708
2.755760 110.238520
2.759680 110.395331
2.763600 110.552143
2.767520 110.708954
2.771440 110.865766
2.775360 111.022577
2.779280 111.179389
2.783200 111.336201
2.787120 111.493012
2.791040 111.649824
2.794960 111.806635
2.798880 111.963447
2.802800 112.120258
2.806720 112.277070
2.810640 112.433881
2.814560 112.590693
2.818480 112.747505
2.822400 112.904316
2.826320 113.061128
2.830240 113.217939
2.834160 113.374751
2.838080 113.531562
2.842000 113.688374
2.845920 113.845185
2.849840 114.001997
2.853760 114.158808
2.857680 114.315620
2.861600 114.472432
2.865520 114.629243
2.869440 114.786055
2.873360 114.942866
2.877280 115.099678
2.881200 115.256489
2.885120 115.413301
2.889040 115.570112
2.892960 115.726924
2.896880 115.883736
2.900800 116.040547
2.904720 116.197359
2.908640 116.354170
2.912560 116.510982
2.916480 116.667793
2.920400 116.824605
2.924320 116.981416
2.928240 117.138228
2.932160 117.295039
2.936080 117.451851
2.940000 117.608663
2.943920 117.765474
2.947840 117.922286
2.951760 118.079097
2.955680 118.235909
2.959600 118.392720
2.963520 118.549532
2.967440 118.706343
2.971360 118.863155
2.975280 119.019967
2.979200 119.176778
2.983120 119.333590
2.987040 119.490401
2.990960 119.647213
2.994880 119.804024
2.998800 119.960836
3.002720 120.117647
3.006640 120.274459
3.010560 120.431270
3.014480 120.588082
3.018400 120.744894
3.022320 120.901705
3.026240 121.058517
3.030160 121.215328
3.034080 121.372140
3.038000 121.528951
3.041920 121.685763
3.045840 121.842574
3.049760 121.999386
3.053680 122.156198
3.057600 122.313009
3.061520 122.469821
3.065440 122.626632
3.069360 122.783444
3.073280 122.940255
3.077200 123.097067
3.081120 123.253878
3.085040 123.410690
3.088960 123.567501
3.092880 123.724313
3.096800 123.881125
3.100720 124.037936
3.104640 124.194748
3.108560 124.351559
3.112480 124.508371
3.116400 124.665182
3.120320 124.821994
3.124240 124.978805
3.128160 125.135617
3.132080 125.292429
3.136000 125.449240
3.139920 125.606052
3.143840 125.762863
3.147760 125.919675
3.151680 126.076486
3.155600 126.233298
3.159520 126.390109
3.163440 126.546921
3.167360 126.703732
3.171280 126.860544
3.175200 127.017356
3.179120 127.174167
3.183040 127.330979
3.186960 127.487790
3.190880 127.644602
3.194800 127.801413
3.198720 127.958225
3.202640 128.115036
3.206560 128.271848
3.210480 128.428660
3.214400 128.585471
3.218320 128.742283
3.222240 128.899094
3.226160 129.055906
3.230080 129.212717
3.234000 129.369529
3.237920 129.526340
3.241840 129.683152
3.245760 129.839963
3.249680 129.996775
3.253600 130.153587
3.257520 130.310398
3.261440 130.467210
3.265360 130.624021
3.269280 130.780833
3.273200 130.937644
3.277120 131.094456
3.281040 131.251267
3.284960 131.408079
3.288880 131.564891
3.292800 131.721702
3.296720 131.878514
3.300640 132.035325
3.304560 132.192137
3.308480 132.348948
3.312400 132.505760
3.316320 132.662571
3.320240 132.819383
3.324160 132.976194
3.328080 133.133006
3.332000 133.289818
3.335920 133.446629
3.339840 133.603441
3.343760 133.760252
3.347680 133.917064
3.351600 134.073875
3.355520 134.230687
3.359440 134.387498
3.363360 134.544310
3.367280 134.701122
3.371200 134.857933
3.375120 135.014745
3.379040 135.171556
3.382960 135.328368
3.386880 135.485179
3.390800 135.641991
3.394720 135.798802
3.398640 135.955614
3.402560 136.112425
3.406480 136.269237
3.410400 136.426049
3.414320 136.582860
3.418240 136.739672
3.422160 136.896483
3.426080 137.053295
3.430000 137.210106
3.433920 137.366918
3.437840 137.523729
3.441760 137.680541
3.445680 137.837353
3.449600 137.994164
3.453520 138.150976
3.457440 138.307787
3.461360 138.464599
3.465280 138.621410
3.469200 138.778222
3.473120 138.935033
3.477040 139.091845
3.480960 139.248656
3.484880 139.405468
3.488800 139.562280
3.492720 139.719091
3.496640 139.875903
3.500560 140.032714
3.504480 140.189526
3.508400 140.346337
3.512320 140.503149
3.516240 140.659960
3.520160 140.816772
3.524080 140.973584
3.528000 141.130395
3.531920 141.287207
3.535840 141.444018
3.539760 141.600830
3.543680 141.757641
3.547600 141.914453
3.551520 142.071264
3.555440 142.228076
3.559360 142.384887
3.563280 142.541699
3.567200 142.698511
3.571120 142.855322
3.575040 143.012134
3.578960 143.168945
3.582880 143.325757
3.586800 143.482568
3.590720 143.639380
3.594640 143.796191
3.598560 143.953003
3.602480 144.109815
3.606400 144.266626
3.610320 144.423438
3.614240 144.580249
3.618160 144.737061
3.622080 144.893872
3.626000 145.050684
3.629920 145.207495
3.633840 145.364307
3.637760 145.521118
3.641680 145.677930
3.645600 145.834742
3.649520 145.991553
3.653440 146.148365
3.657360 146.305176
3.661280 146.461988
3.665200 146.618799
3.669120 146.775611
3.673040 146.932422
3.676960 147.089234
3.680880 147.246046
3.684800 147.402857
3.688720 147.559669
3.692640 147.716480
3.696560 147.873292
3.700480 148.030103
3.704400 148.186915
3.708320 148.343726
3.712240 148.500538
3.716160 148.657350
3.720080 148.814161
3.724000 148.970973
3.727920 149.127784
3.731840 149.284596
3.735760 149.441407
3.739680 149.598219
3.743600 149.755030
3.747520 149.911842
3.751440 150.068653
3.755360 150.225465
3.759280 150.382277
3.763200 150.539088
3.767120 150.695900
3.771040 150.852711
3.774960 151.009523
3.778880 151.166334
3.782800 151.323146
3.786720 151.479957
3.790640 151.636769
3.794560 151.793581
3.798480 151.950392
3.802400 152.107204
3.806320 152.264015
3.810240 152.420827
3.814160 152.577638
3.818080 152.734450
3.822000 152.891261
3.825920 153.048073
3.829840 153.204884
3.833760 153.361696
3.837680 153.518508
3.841600 153.675319
3.845520 153.832131
3.849440 153.988942
3.853360 154.145754
3.857280 154.302565
3.861200 154.459377
3.865120 154.616188
3.869040 154.773000
3.872960 154.929812
3.876880 155.086623
3.880800 155.243435
3.884720 155.400246
3.888640 155.557058
3.892560 155.713869
3.896480 155.870681
3.900400 156.027492
3.904320 156.184304
3.908240 156.341115
3.912160 156.497927
3.916080 156.654739
3.920000 156.811550

Valeur mini ordonnée    = 0.000000
Valeur maxi ordonnée    = 156.811550